0.79	5	1.414	246699	2.02676E-05		0.79	1.02741E-05
0.89	7	1		2.83747E-05		0.89	1.71235E-05
0.99	3539	16.852		0.014345417		0.99	0.007921341
1.09	3485	16.941		0.014126527		1.09	0.007459006
1.19	3396	16.462		0.013765763		1.19	0.007133659
1.29	3368	16.673		0.013652265		1.29	0.007551473
1.39	3308	16.217		0.013409053		1.39	0.007654214
1.49	3429	17.321		0.013899529		1.49	0.007630242
1.59	3507	17.117		0.014215704		1.59	0.007897368
1.69	3820	18.841		0.015484457		1.69	0.00794189
1.79	5097	21.19		0.020660805		1.79	0.010089179
1.89	6968	24.718		0.028244946		1.89	0.015948849
1.99	9838	29.428		0.039878556		1.99	0.026329128
2.09	12430	31.702		0.050385287		2.09	0.03598337
2.19	15836	37.135		0.064191586		2.19	0.046199263
2.29	19964	40.212		0.080924527		2.29	0.056377485
2.39	25403	46.433		0.102971638		2.39	0.072223592
2.49	29740	50.448		0.120551766		2.49	0.088175865
2.59	33907	52.811		0.137442795		2.59	0.103792518
2.69	37608	56.648		0.152444882		2.69	0.118782449
2.79	40722	58.737		0.165067552		2.79	0.130779189
2.89	43706	60.885		0.177163264		2.89	0.142817025
2.99	47279	62.562		0.1916465		2.99	0.153909643
3.09	50206	64.475		0.203511161		3.09	0.164159783
3.19	52706	66.189		0.213644968		3.19	0.176348306
3.29	55654	68.498		0.225594753		3.29	0.182934013
3.39	58269	69.397		0.236194715		3.39	0.184365539
3.49	59077	70.668		0.239469961		3.49	0.182509349
3.59	58766	70.427		0.238209316		3.59	0.181283305
3.69	58473	69.534		0.237021634		3.69	0.177355169
3.79	57845	69.26		0.234476021		3.79	0.176772969
3.89	57293	69.217		0.232238477		3.89	0.177026398
3.99	58450	69.728		0.236928403		3.99	0.168413266
4.09	60087	70.774		0.243564019		4.09	0.172248935
4.19	62872	72.952		0.25485308		4.19	0.173430458
4.29	66564	74.76		0.269818686		4.29	0.174026357
4.39	69912	77.466		0.28338988		4.39	0.178824367
4.49	74722	78.638		0.302887324		4.49	0.180831244
4.59	78946	80.864		0.320009404		4.59	0.185728572
4.69	83087	82.891		0.336795042		4.69	0.190807408
4.79	86832	85.258		0.351975484		4.79	0.196194468
4.89	91170	87.481		0.369559666		4.89	0.201420567
4.99	94484	88.335		0.38299304		4.99	0.207054206
5.09	98592	90.967		0.399644911		5.09	0.212794011
5.19	101526	92.049		0.411537947		5.19	0.218181071
5.29	105087	93.595		0.425972541		5.29	0.222095508
5.39	108035	96.27		0.437922326		5.39	0.229547665
5.49	110277	96.695		0.447010324		5.49	0.234229236
5.59	113717	97.98		0.460954442		5.59	0.242071809
5.69	116186	99.212		0.47096259		5.69	0.244691708
5.79	118321	99.735		0.479616861		5.79	0.248763682
5.89	120646	100.489		0.489041301		5.89	0.256469267
5.99	123269	102.137		0.499673691		5.99	0.256219263
6.09	125119	102.786		0.507172708		6.09	0.259376841
6.19	125772	102.742		0.509819659		6.19	0.260065206
6.29	128053	103.537		0.519065744		6.29	0.25939054
6.39	129014	103.619		0.522961179		6.39	0.259876848
6.49	129527	105.252		0.525040637		6.49	0.259705612
6.59	129176	104.355		0.52361785		6.59	0.25741791
6.69	127834	103.629		0.518178023		6.69	0.257119961
6.79	125735	102.854		0.509669678		6.79	0.255065138
6.89	124939	102.387		0.506443074		6.89	0.252637022
6.99	124982	102.45		0.506617376		6.99	0.252037699
7.09	124227	101.701		0.503556966		7.09	0.25
7.19	122106	100.97		0.494959445		7.19	0.245239661
7.29	121913	101.02		0.494177115		7.29	0.244475952
7.39	120530	100.563		0.488571093		7.39	0.241438239
7.49	120049	99.825		0.486621348		7.49	0.239482733
7.59	119083	99.72		0.482705645		7.59	0.236266935
7.69	118047	99.403		0.478506196		7.69	0.231304538
7.79	116674	98.939		0.472940709		7.79	0.230150413
7.89	116441	97.775		0.471996238		7.89	0.225170893
7.99	114475	97.734		0.464027013		7.99	0.223561282
8.09	113421	96.69		0.4597546		8.09	0.218773545
8.19	112392	97.35		0.455583525		8.19	0.216848861
8.29	111290	95.807		0.451116543		8.29	0.215009795
8.39	110608	95.41		0.44835204		8.39	0.209917259
8.49	109879	95.692		0.445397022		8.49	0.206687763
8.59	108850	94.9		0.441225947		8.59	0.205085001
8.69	108001	96.057		0.437784507		8.69	0.200023288
8.79	106563	93.354		0.431955541		8.79	0.1975712
8.89	105194	93.755		0.426406268		8.89	0.192673872
8.99	104308	93.702		0.422814847		8.99	0.19043754
9.09	103514	92.092		0.41959635		9.09	0.188166961
9.19	101609	91.335		0.411874389		9.19	0.184406636
9.29	101245	92.005		0.410398907		9.29	0.181310703
9.39	100005	91.548		0.405372539		9.39	0.179728489
9.49	99111	90.521		0.40174869		9.49	0.175053768
9.59	98195	89.828		0.398035663		9.59	0.172159893
9.69	97281	91.241		0.394330743		9.69	0.168194085
9.79	96662	90.239		0.391821613		9.79	0.163707722
9.89	95494	88.487		0.387087098		9.89	0.162259072
9.99	94397	87.767		0.382640384		9.99	0.158190523
10.09	93325	88.352		0.378295007		10.09	0.155282949
10.19	92190	87.086		0.373694259		10.19	0.153272648
10.29	91553	87.132		0.371112165		10.29	0.150104796
10.39	89751	85.895		0.363807717		10.39	0.145888985
10.49	89941	86.412		0.364577886		10.49	0.144238277
10.59	88373	84.273		0.358221963		10.59	0.140936862
10.69	87805	85.035		0.355919562		10.69	0.138570391
10.79	86661	85.575		0.351282332		10.79	0.137727914
10.89	85516	83.445		0.346641048		10.89	0.135991589
10.99	84644	83.169		0.343106377		10.99	0.136310086
11.09	83990	83.774		0.340455373		11.09	0.133566898
11.19	82646	83.114		0.335007438		11.19	0.133960739
11.29	82973	82.207		0.33633294		11.29	0.133005247
11.39	81692	82.644		0.331140378		11.39	0.132625104
11.49	81284	82.48		0.32948654		11.49	0.132744969
11.59	81606	82.323		0.330791775		11.59	0.133467582
11.69	81711	83.084		0.331217394		11.69	0.134803216
11.79	81031	81.413		0.328460999		11.79	0.133984712
11.89	80173	82.085		0.324983077		11.89	0.134077179
11.99	80280	82.377		0.325416803		11.99	0.133799778
12.09	80538	81.799		0.326462612		12.09	0.13337169
12.19	79961	81.639		0.32412373		12.19	0.132255236
12.29	80664	82.207		0.326973356		12.29	0.133077165
12.39	79991	81.382		0.324245335		12.39	0.13140591
12.49	80221	82.462		0.325177646		12.49	0.13128262
12.59	80199	81.719		0.325088468		12.59	0.132275785
12.69	79544	81.835		0.322433411		12.69	0.131518925
12.79	79357	80.994		0.321675402		12.79	0.132179893
12.89	80263	81.915		0.325347894		12.89	0.132378526
12.99	79527	81.872		0.322364501		12.99	0.132313456
13.09	79122	81.554		0.320722824		13.09	0.130638776
13.19	79644	81.049		0.322838763		13.19	0.131703859
13.29	79334	81.148		0.321582171		13.29	0.131306593
13.39	79474	81.799		0.322149664		13.39	0.132751819
13.49	78708	80.623		0.319044666		13.49	0.131409334
13.59	79257	80.678		0.32127005		13.59	0.132142221
13.69	79241	80.889		0.321205193		13.69	0.130857957
13.79	78872	81.37		0.319709443		13.79	0.131772353
13.89	79019	80.523		0.320305311		13.89	0.131203852
13.99	79300	80.604		0.321444351		13.99	0.132005233
14.09	79447	81.031		0.322040219		14.09	0.131433307
14.19	78974	80.306		0.320122903		14.19	0.132042905
14.29	79294	82.091		0.32142003		14.29	0.13104974
14.39	78691	81.049		0.318975756		14.39	0.13145728
14.49	79413	81.554		0.321902399		14.49	0.131710708
14.59	78950	80.511		0.320025618		14.59	0.131977835
14.69	78704	80.808		0.319028452		14.69	0.131512076
14.79	79092	81.062		0.320601218		14.79	0.131467554
14.89	79197	80.187		0.321026838		14.89	0.131392211
14.99	78818	80.15		0.319490553		14.99	0.130587405
15.09	78871	80.38		0.31970539		15.09	0.132488116
15.19	79938	81.48		0.324030499		15.19	0.132669626
15.29	80485	82.553		0.326247776		15.29	0.138282716
15.39	81337	82.395		0.329701377		15.39	0.144005397
15.49	80817	82.347		0.327593545		15.49	0.145882135
15.59	79990	81.799		0.324241282		15.59	0.141176591
15.69	79543	81.166		0.322429357		15.69	0.137940246
15.79	78709	81.049		0.319048719		15.79	0.133457308
15.89	78533	79.869		0.318335299		15.89	0.132488116
15.99	78283	80.237		0.317321919		15.99	0.133104563
16.09	78234	80.623		0.317123296		16.09	0.132693599
16.19	78278	80.951		0.317301651		16.19	0.132590857
16.29	77684	80.056		0.314893859		16.29	0.132320306
16.39	78273	80.449		0.317281383		16.39	0.132813463
16.49	78301	79.612		0.317394882		16.49	0.131960712
16.59	77327	80.728		0.313446751		16.59	0.131673037
16.69	78068	81.093		0.316450411		16.69	0.133344292
16.79	76984	80.237		0.312056393		16.79	0.132084001
16.89	77909	80.318		0.315805901		16.89	0.131970986
16.99	78015	80.678		0.316235575		16.99	0.132275785
17.09	77794	79.762		0.315339746		17.09	0.131765504
17.19	78489	81.216		0.318156944		17.19	0.132522363
17.29	77895	80.864		0.315749152		17.29	0.131847697
17.39	77941	80.542		0.315935614		17.39	0.131765504
17.49	78075	80.293		0.316478786		17.49	0.132217565
17.59	78501	80.554		0.318205587		17.59	0.133690188
17.69	78517	81		0.318270443		17.69	0.134135399
17.79	78752	81.068		0.319223021		17.79	0.137248455
17.89	78818	80.833		0.319490553		17.89	0.140238222
17.99	78466	81.056		0.318063713		17.99	0.13998137
18.09	78699	80.2		0.319008184		18.09	0.137159413
18.19	78756	80.883		0.319239235		18.19	0.133200455
18.29	77984	81.043		0.316109915		18.29	0.133621693
18.39	77689	80.243		0.314914126		18.39	0.133618269
18.49	78049	80.963		0.316373394		18.49	0.132443595
18.59	77384	80.523		0.313677802		18.59	0.133840875
18.69	77278	80.144		0.313248128		18.69	0.132823737
18.79	77985	80.449		0.316113969		18.79	0.13510459
18.89	77422	80.212		0.313831836		18.89	0.133971013
18.99	77800	80.784		0.315364067		18.99	0.132357978
19.09	77701	80.393		0.314962768		19.09	0.13348813
19.19	77288	79.605		0.313288664		19.19	0.132169619
19.29	77718	78.816		0.315031678		19.29	0.133594296
19.39	77426	80.467		0.31384805		19.39	0.132686749
19.49	77069	80.393		0.312400942		19.49	0.132310032
19.59	78295	81.382		0.317370561		19.59	0.133200455
19.69	77083	79.316		0.312457691		19.69	0.133611419
19.79	77083	78.638		0.312457691		19.79	0.133669639
19.89	77395	80.231		0.31372239		19.89	0.134118276
19.99	77335	79.862		0.313479179		19.99	0.133861423
20.09	77040	80.318		0.31228339		20.09	0.133827176
20.19	77505	80.144		0.314168278		20.19	0.134077179
20.29	77955	80.094		0.315992363		20.29	0.133984712
20.39	78290	80.137		0.317350293		20.39	0.132207291
20.49	77966	79.209		0.316036952		20.49	0.135323772
20.59	78011	79.894		0.31621936		20.59	0.134467595
20.69	77873	79.919		0.315659974		20.69	0.135381992
20.79	77915	80.728		0.315830222		20.79	0.136779271
20.89	78240	80.486		0.317147617		20.89	0.135159386
20.99	77914	81.049		0.315826169		20.99	0.134837464
21.09	77612	79.931		0.314602005		21.09	0.135358019
21.19	77369	80.697		0.313616999		21.19	0.135727887
21.29	77782	79.328		0.315291104		21.29	0.133063467
21.39	77878	80.511		0.315680242		21.39	0.134375128
21.49	78291	80.162		0.317354347		21.49	0.134584035
21.59	78355	81.031		0.317613772		21.59	0.134556638
21.69	78055	80.349		0.316397715		21.69	0.134108001
21.79	78407	80.536		0.317824555		21.79	0.134659379
21.89	78055	80.548		0.316397715		21.89	0.135703914
21.99	77646	80.511		0.314739825		21.99	0.135885423
22.09	77599	79.844		0.314549309		22.09	0.135131988
22.19	78518	80.156		0.318274496		22.19	0.13401211
22.29	77517	80.666		0.31421692		22.29	0.133851149
22.39	78076	80.355		0.316482839		22.39	0.133820326
22.49	78701	80.324		0.319016291		22.49	0.134429924
22.59	77757	80.536		0.315189766		22.59	0.135584049
22.69	78403	80.212		0.317808341		22.69	0.13493678
22.79	78125	81.074		0.316681462		22.79	0.134738147
22.89	78246	80.069		0.317171938		22.89	0.136193646
22.99	78283	80.598		0.317321919		22.99	0.134823765
23.09	78442	81.406		0.317966429		23.09	0.135563501
23.19	77670	79.831		0.314837109		23.19	0.134840888
23.29	78189	80.449		0.316940887		23.29	0.135018973
23.39	78157	81.203		0.316811175		23.39	0.135101166
23.49	78090	79.316		0.316539589		23.49	0.135679941
23.59	78529	81.468		0.318319085		23.59	0.134772394
23.69	78539	81.049		0.31835962		23.69	0.134923081
23.79	79267	80.901		0.321310585		23.79	0.136758723
23.89	79337	80.944		0.321594332		23.89	0.137621748
23.99	79357	81.326		0.321675402		23.99	0.137895725
24.09	78815	80.852		0.319478393		24.09	0.137344347
24.19	78933	80.654		0.319956708		24.19	0.135621721
24.29	78432	80.492		0.317925893		24.29	0.135378567
24.39	78540	80.585		0.318363674		24.39	0.13516966
24.49	78422	81.554		0.317885358		24.49	0.135847751
24.59	79001	80.418		0.320232348		24.59	0.136635433
24.69	78898	81.511		0.319814835		24.69	0.134152523
24.79	78713	80.075		0.319064933		24.79	0.135042946
24.89	79121	80.467		0.320718771		24.89	0.13661831
24.99	78778	80.709		0.319328412		24.99	0.136186797
25.09	78593	80.044		0.318578511		25.09	0.135943643
25.19	79236	80.517		0.321184926		25.19	0.136840916
25.29	79427	80.771		0.321959149		25.29	0.136471048
25.39	79697	81.271		0.3230536		25.39	0.139406019
25.49	79667	81.21		0.322931994		25.49	0.140169728
25.59	79542	81.24		0.322425304		25.59	0.139436842
25.69	79936	80.355		0.324022392		25.69	0.138563542
25.79	78658	80.938		0.31884199		25.79	0.138090933
25.89	79589	80.722		0.322615819		25.89	0.137221058
25.99	79538	81.743		0.32240909		25.99	0.136125152
26.09	79320	80.975		0.321525422		26.09	0.13661831
26.19	79988	82.061		0.324233175		26.19	0.138851217
26.29	79242	81.08		0.321209247		26.29	0.136916259
26.39	78754	81.468		0.319231128		26.39	0.137471061
26.49	80265	81.811		0.325356001		26.49	0.138440253
26.59	79609	81.388		0.32269689		26.59	0.1376012
26.69	79095	81.994		0.320613379		26.69	0.137508733
26.79	79186	81.443		0.32098225		26.79	0.136789545
26.89	79236	80.914		0.321184926		26.89	0.138919711
26.99	79649	80.988		0.322859031		26.99	0.137515582
27.09	79593	81.382		0.322632033		27.09	0.13794367
27.19	79391	80.876		0.321813222		27.19	0.137265579
27.29	79553	81.498		0.322469892		27.29	0.139385471
27.39	79761	80.833		0.323313025		27.39	0.137816956
27.49	80268	81.326		0.325368161		27.49	0.139227935
27.59	79598	81.21		0.322652301		27.59	0.138810121
27.69	80400	81.988		0.325903226		27.69	0.138436828
27.79	79746	81.339		0.323252222		27.79	0.139214236
27.89	79455	80.926		0.322072647		27.89	0.137436814
27.99	79980	81.296		0.324200747		27.99	0.139046425
28.09	80200	81.597		0.325092522		28.09	0.138337511
28.19	79776	81.939		0.323373828		28.19	0.139700544
28.29	80164	81.884		0.324946595		28.29	0.139703969
28.39	80456	82.177		0.326130223		28.39	0.139447116
28.49	80758	81.462		0.327354387		28.49	0.140049864
28.59	80397	81.166		0.325891066		28.59	0.139433417
28.69	80518	81.872		0.326381542		28.69	0.139337525
28.79	80485	82.055		0.326247776		28.79	0.141001932
28.89	80326	81.259		0.325603266		28.89	0.140132057
28.99	80499	81.902		0.326304525		28.99	0.140721106
29.09	81318	82.341		0.32962436		29.09	0.141351251
29.19	80927	81.927		0.328039433		29.19	0.139882053
29.29	81624	81.48		0.330864738		29.29	0.140056713
29.39	82039	82.377		0.33254695		29.39	0.140580693
29.49	81642	81.234		0.330937701		29.49	0.139453965
29.59	81743	82.024		0.331347107		29.59	0.140145755
29.69	83408	82.891		0.338096223		29.69	0.141590981
29.79	83055	83.534		0.336665329		29.79	0.143299908
29.89	84188	83.72		0.34125797		29.89	0.148450664
29.99	84927	83.923		0.344253524		29.99	0.150717818
30.09	85964	84.682		0.348457027		30.09	0.14959794
30.19	86149	83.6		0.349206928		30.19	0.144169783
30.29	86539	84.711		0.350787802		30.29	0.143693749
30.39	88196	84.847		0.357504489		30.39	0.143334155
30.49	89192	86.614		0.361541798		30.49	0.144344443
30.59	91823	88.306		0.372206616		30.59	0.144772531
30.69	96021	89.644		0.389223305		30.69	0.147505445
30.79	102195	92.065		0.414249754		30.79	0.148522583
30.89	110199	95.394		0.44669415		30.89	0.156813792
30.99	122296	101.474		0.495729614		30.99	0.184252524
31.09	135960	106.17		0.551116948		31.09	0.278538062
31.19	150196	111.732		0.608822898		31.19	0.467246127
31.29	159991	115.46		0.648527153		31.29	0.655344594
31.39	160552	115.395		0.650801179		31.39	0.722116056
31.49	152250	112.37		0.617148833		31.49	0.593888272
31.59	138108	106.799		0.559823915		31.59	0.379022315
31.69	123437	101.784		0.500354683		31.69	0.226513377
31.79	111442	96.462		0.451732678		31.79	0.166628995
31.89	102730	92.266		0.416418388		31.89	0.150067124
31.99	96667	89.353		0.39184188		31.99	0.147313662
32.09	92526	87.516		0.375056243		32.09	0.146580775
32.19	89548	86.47		0.362984852		32.19	0.145683503
32.29	87332	84.847		0.354002246		32.29	0.144638968
32.39	86093	84.131		0.348979931		32.39	0.14362868
32.49	85270	84.119		0.345643882		32.49	0.144614995
32.59	84076	83.018		0.340803976		32.59	0.142844423
32.69	83880	82.759		0.340009485		32.69	0.142714284
32.79	82872	82.656		0.335923534		32.79	0.142748531
32.89	83140	82.722		0.337009878		32.89	0.142495103
32.99	82512	82.037		0.334464266		32.99	0.143573885
33.09	81878	82.728		0.331894333		33.09	0.142197153
33.19	82178	82.426		0.33311039		33.19	0.143293059
33.29	81777	81.976		0.331484927		33.29	0.142553323
33.39	81752	82.553		0.331383589		33.39	0.140827272
33.49	81655	82.462		0.330990397		33.49	0.141560158
33.59	82031	82.31		0.332514522		33.59	0.140830696
33.69	82081	82.152		0.332717198		33.69	0.14200537
33.79	82413	81.786		0.334062967		33.79	0.141834135
33.89	82141	82.134		0.332960409		33.89	0.142984835
33.99	81803	82.474		0.331590319		33.99	0.142224551
34.09	82576	82.855		0.334723692		34.09	0.144186907
34.19	82632	82.511		0.334950689		34.19	0.146197208
34.29	82558	82.571		0.334650728		34.29	0.145238291
34.39	82291	82.329		0.333568438		34.39	0.143553336
34.49	82744	83.277		0.335404683		34.49	0.143471143
34.59	82654	81.302		0.335039866		34.59	0.142467705
34.69	81580	82.098		0.330686383		34.69	0.141769065
34.79	82246	82.722		0.333386029		34.79	0.141104673
34.89	81987	82.735		0.332336167		34.89	0.141820436
34.99	82998	83.235		0.336434278		34.99	0.141108097
35.09	82784	83.229		0.335566824		35.09	0.141700571
35.19	82870	82.371		0.335915427		35.19	0.142864971
35.29	83469	82.256		0.338343487		35.29	0.142512226
35.39	84316	83.815		0.341776821		35.39	0.14228962
35.49	85624	83.379		0.347078829		35.49	0.143060179
35.59	87004	84.682		0.35267269		35.59	0.144097864
35.69	88445	85.458		0.358513816		35.69	0.144536227
35.79	90796	87.126		0.368043648		35.79	0.144573898
35.89	94285	88.221		0.382186389		35.89	0.149169852
35.99	99021	89.933		0.401383873		35.99	0.164512528
36.09	104526	92.865		0.423698515		36.09	0.209023411
36.19	110713	96.354		0.44877766		36.19	0.298007507
36.29	116591	98.194		0.472604267		36.29	0.39553624
36.39	117808	99.071		0.477537404		36.39	0.443163605
36.49	115368	97.591		0.467646808		36.49	0.406320635
36.59	110114	95.478		0.4463496		36.59	0.306308991
36.69	104071	93.124		0.421854162		36.69	0.211790572
36.79	99500	90.333		0.40332551		36.79	0.164002247
36.89	94315	88.221		0.382307995		36.89	0.14849176
36.99	91770	87.784		0.371991779		36.99	0.146091042
37.09	88795	85.469		0.359932549		37.09	0.144224578
37.19	86094	85.176		0.348983985		37.19	0.142269072
37.29	85323	84.178		0.345858719		37.29	0.141361526
37.39	84911	83.63		0.344188667		37.39	0.142830724
37.49	84026	83.869		0.3406013		37.49	0.141864957
37.59	82947	82.45		0.336227549		37.59	0.141522487
37.69	82478	83.349		0.334326446		37.69	0.14003959
37.79	82393	82.529		0.333981897		37.79	0.141823861
37.89	81813	82.571		0.331630854		37.89	0.14095741
37.99	81836	82.067		0.331724085		37.99	0.139316977
38.09	81284	82.48		0.32948654		38.09	0.139296429
38.19	81159	81.449		0.32897985		38.19	0.140063563
38.29	80421	81.523		0.32598835		38.29	0.140180002
38.39	80851	82.505		0.327731365		38.39	0.139447116
38.49	81224	81.994		0.329243329		38.49	0.139084097
38.59	80656	81.548		0.326940928		38.59	0.139628625
38.69	80706	81.701		0.327143604		38.69	0.138347786
38.79	79972	81.915		0.324168318		38.79	0.139440266
38.89	79876	81.388		0.32377918		38.89	0.139299853
38.99	80664	81.166		0.326973356		38.99	0.137734763
39.09	79920	81.099		0.323957535		39.09	0.13864231
39.19	79878	80.777		0.323787287		39.19	0.139775887
39.29	80340	81.67		0.325660015		39.29	0.139816984
39.39	80832	81.13		0.327654348		39.39	0.137895725
39.49	80524	81.701		0.326405863		39.49	0.140073837
39.59	80714	81.154		0.327176032		39.59	0.14073138
39.69	81574	82.48		0.330662062		39.69	0.14183071
39.79	81460	81.16		0.33019996		39.79	0.144251976
39.89	81354	81.939		0.329770287		39.89	0.143549912
39.99	80785	80.994		0.327463832		39.99	0.140772476
40.09	81069	81.792		0.328615033		40.09	0.139803285
40.19	80230	81.111		0.325214127		40.19	0.138015589
40.29	80782	80.914		0.327451672		40.29	0.138960808
40.39	80490	81.449		0.326268043		40.39	0.140981383
40.49	80472	81.884		0.32619508		40.49	0.139036151
40.59	80655	80.548		0.326936874		40.59	0.139440266
40.69	79966	81.799		0.324143997		40.69	0.139375197
40.79	79954	80.66		0.324095355		40.79	0.140471102
40.89	80413	82.195		0.325955922		40.89	0.141094399
40.99	80748	81.093		0.327313852		40.99	0.139710818
41.09	80646	81.701		0.326900393		41.09	0.136710777
41.19	79891	81.505		0.323839983		41.19	0.136467623
41.29	80460	82.122		0.326146438		41.29	0.138262168
41.39	80050	81.253		0.324484493		41.39	0.138049836
41.49	80266	81.222		0.325360054		41.49	0.137957369
41.59	79827	80.672		0.323580558		41.59	0.137399142
41.69	80126	81.247		0.324792561		41.69	0.137354621
41.79	79970	81.277		0.324160211		41.79	0.13835806
41.89	80325	80.449		0.325599212		41.89	0.137703941
41.99	79910	81.48		0.323917		41.99	0.136388855
42.09	80643	81.627		0.326888232		42.09	0.137214208
42.19	79752	81.24		0.323276543		42.19	0.139066974
42.29	80577	80.654		0.3266207		42.29	0.138156002
42.39	80576	80.554		0.326616646		42.39	0.137823806
42.49	80000	79.812		0.324281817		42.49	0.137029274
42.59	79877	80.685		0.323783234		42.59	0.13742654
42.69	79199	81.117		0.321034945		42.69	0.137584076
42.79	79530	81.13		0.322376661		42.79	0.138508747
42.89	80026	81.37		0.324387209		42.89	0.137758736
42.99	79608	79.937		0.322692836		42.99	0.137097768
43.09	79422	81.253		0.321938881		43.09	0.136690229
43.19	79554	80.15		0.322473946		43.19	0.135923095
43.29	79305	80.137		0.321464619		43.29	0.137162838
43.39	79600	80.771		0.322660408		43.39	0.137515582
43.49	80011	80.081		0.324326406		43.49	0.135566926
43.59	79937	80.411		0.324026445		43.59	0.136614885
43.69	79487	80.635		0.32220236		43.69	0.138820395
43.79	79250	80.231		0.321241675		43.79	0.136834066
43.89	79977	80.66		0.324188586		43.89	0.136755298
43.99	79542	80.112		0.322425304		43.99	0.137700516
44.09	80119	80.709		0.324764186		44.09	0.13742654
44.19	79136	80.938		0.320779573		44.19	0.136940232
44.29	79909	81.197		0.323912947		44.29	0.136436801
44.39	79539	79.8		0.322413143		44.39	0.137525857
44.49	79298	81.012		0.321436244		44.49	0.138947109
44.59	79547	80.037		0.322445571		44.59	0.137056672
44.69	79727	79.862		0.323175205		44.69	0.136354608
44.79	79609	80.131		0.32269689		44.79	0.136563515
44.89	79705	80.753		0.323086028		44.89	0.13673475
44.99	79612	80.629		0.32270905		44.99	0.138272442
45.09	79681	80.883		0.322988743		45.09	0.138388882
45.19	79581	79.956		0.322583391		45.19	0.138628611
45.29	79629	80.486		0.32277796		45.29	0.135471034
45.39	79188	80.262		0.320990357		45.39	0.136666256
45.49	79675	81.443		0.322964422		45.49	0.13632721
45.59	79922	81.062		0.323965642		45.59	0.137173112
45.69	79838	80.901		0.323625146		45.69	0.136070357
45.79	79005	80.498		0.320248562		45.79	0.139269031
45.89	79441	80.411		0.322015898		45.89	0.136529268
45.99	79582	80.647		0.322587445		45.99	0.136587487
46.09	79065	80.641		0.320491773		46.09	0.135741586
46.19	79209	80.66		0.321075481		46.19	0.13748476
46.29	79529	80.131		0.322372608		46.29	0.136977904
46.39	79380	79.825		0.321768633		46.39	0.137388868
46.49	79252	80.498		0.321249782		46.49	0.136772422
46.59	79293	80.629		0.321415977		46.59	0.136570364
46.69	79294	79.448		0.32142003		46.69	0.136340909
46.79	79936	81.228		0.324022392		46.79	0.137649146
46.89	79465	80.324		0.322113182		46.89	0.136888861
46.99	79551	80.74		0.322461785		46.99	0.137971068
47.09	79421	81.074		0.321934827		47.09	0.136515569
47.19	79636	81.339		0.322806335		47.19	0.136073782
47.29	79739	80.38		0.323223848		47.29	0.137179961
47.39	80152	80.747		0.324897953		47.39	0.137457362
47.49	80591	81.572		0.326677449		47.49	0.138340936
47.59	81334	82.073		0.329689216		47.59	0.139118344
47.69	82604	82.152		0.33483719		47.69	0.145467746
47.79	83199	82.565		0.337249036		47.79	0.156029535
47.89	83647	82.529		0.339065014		47.89	0.158950808
47.99	83083	82.831		0.336778828		47.99	0.154508966
48.09	81514	82.42		0.330418851		48.09	0.144851299
48.19	80430	80.641		0.326024832		48.19	0.138536144
48.29	80534	81.13		0.326446398		48.29	0.136700503
48.39	80075	80.542		0.324585831		48.39	0.137063521
48.49	79947	81.197		0.32406698		48.49	0.135690215
48.59	79741	80.66		0.323231955		48.59	0.136416252
48.69	78885	79.75		0.319762139		48.69	0.136296388
48.79	79438	79.762		0.322003737		48.79	0.137022425
48.89	79836	80.05		0.323617039		48.89	0.135491582
48.99	79578	81.382		0.322571231		48.99	0.136214195
49.09	79034	79.994		0.320366114		49.09	0.136549816
49.19	79808	80.74		0.323503541		49.19	0.137056672
49.29	80036	80.969		0.324427744		49.29	0.136190222
49.39	79804	80.846		0.323487327		49.39	0.137721065
49.49	79617	80.2		0.322729318		49.49	0.137433389
49.59	79598	80.573		0.322652301		49.59	0.136193646
49.69	79660	80.331		0.322903619		49.69	0.136155975
49.79	78726	79.975		0.319117629		49.79	0.137313525
49.89	79423	81.363		0.321942935		49.89	0.136340909
49.99	79483	81.345		0.322186146		49.99	0.137412841
50.09	79058	80.374		0.320463399		50.09	0.136330635
50.19	79440	79.875		0.322011844		50.19	0.136984753
50.29	79748	81.21		0.323260329		50.29	0.137625173
50.39	79782	80.449		0.323398149		50.39	0.137453938
50.49	79357	80.598		0.321675402		50.49	0.137457362
50.59	79340	80.056		0.321606492		50.59	0.137382019
50.69	79471	80.262		0.322137504		50.69	0.136580638
50.79	79359	79.969		0.321683509		50.79	0.13777586
50.89	79702	80.293		0.323073867		50.89	0.136988178
50.99	79923	81.216		0.323969696		50.99	0.13661831
51.09	79836	79.793		0.323617039		51.09	0.13806696
51.19	79720	80.505		0.323146831		51.19	0.137792983
51.29	79937	80.492		0.324026445		51.29	0.136450499
51.39	79558	79.875		0.32249016		51.39	0.137118317
51.49	81056	81.621		0.328562337		51.49	0.137505308
51.59	80997	81.394		0.328323179		51.59	0.13714229
51.69	81764	81.786		0.331432231		51.69	0.138361484
51.79	82755	81.786		0.335449272		51.79	0.139676571
51.89	85042	82.335		0.344719679		51.89	0.1442691
51.99	87626	84.03		0.355193981		51.99	0.155200756
52.09	91048	86.856		0.369065136		52.09	0.17132084
52.19	95322	87.943		0.386389892		52.19	0.196786942
52.29	98979	90.028		0.401213625		52.29	0.23962657
52.39	100923	92.147		0.409093673		52.39	0.261178235
52.49	101260	91.313		0.41045971		52.49	0.254294579
52.59	98500	89.906		0.399271987		52.59	0.232444965
52.69	93399	86.481		0.378594968		52.69	0.19455746
52.79	89635	86.539		0.363337508		52.79	0.161981671
52.89	86127	84.309		0.349117751		52.89	0.14507733
52.99	84073	82.158		0.340791815		52.99	0.141128646
53.09	82083	81.308		0.332725305		53.09	0.139888903
53.19	81174	81.234		0.329040653		53.19	0.138536144
53.29	80918	81.345		0.328002951		53.29	0.139084097
53.39	80155	81.351		0.324910113		53.39	0.137255305
53.49	79890	80.237		0.32383593		53.49	0.137070371
53.59	79678	80.703		0.322976583		53.59	0.137399142
53.69	79564	80.988		0.322514481		53.69	0.137666269
53.79	80045	82.444		0.324464226		53.79	0.137190235
53.89	79572	80.647		0.322546909		53.89	0.137755312
53.99	79476	80.87		0.322157771		53.99	0.138378608
54.09	79673	80.883		0.322956315		54.09	0.137751887
54.19	78808	80.337		0.319450018		54.19	0.13708407
54.29	79398	81.025		0.321841596		54.29	0.137118317
54.39	78796	79.9		0.319401376		54.39	0.136888861
54.49	79168	79.756		0.320909286		54.49	0.13702585
54.59	79378	80.728		0.321760526		54.59	0.137169687
54.69	79289	80.324		0.321399762		54.69	0.13737517
54.79	78944	80.449		0.320001297		54.79	0.137851203
54.89	78939	81.351		0.31998103		54.89	0.139118344
54.99	79246	80.542		0.321225461		54.99	0.141269058
55.09	78879	79.987		0.319737818		55.09	0.14078275
55.19	79740	80.573		0.323227901		55.19	0.140217674
55.29	78951	80.349		0.320029672		55.29	0.139060124
55.39	79458	80.988		0.322084808		55.39	0.139635474
55.49	79112	80.025		0.320682289		55.49	0.138621762
55.59	79243	81.394		0.3212133		55.59	0.139885478
55.69	79247	80.324		0.321229515		55.69	0.138025863
55.79	79252	80.087		0.321249782		55.79	0.137570378
55.89	78388	80.411		0.317747538		55.89	0.139755339
55.99	79294	81.29		0.32142003		55.99	0.139484787
56.09	79172	80.734		0.3209255		56.09	0.138727928
56.19	78428	79.775		0.317909679		56.19	0.138498473
56.29	78276	79.555		0.317293544		56.29	0.13765942
56.39	78994	79.844		0.320203973		56.39	0.13696763
56.49	78920	80.461		0.319904013		56.49	0.137378594
56.59	78748	79.775		0.319206807		56.59	0.138388882
56.69	78620	79.762		0.318687956		56.69	0.138573816
56.79	78290	79.706		0.317350293		56.79	0.138111481
56.89	78592	80.25		0.318574457		56.89	0.13858409
56.99	78812	79.919		0.319466232		56.99	0.138529295
57.09	78265	79.95		0.317248955		57.09	0.137190235
57.19	78608	80.268		0.318639313		57.19	0.138269017
57.29	78404	80.623		0.317812395		57.29	0.136933383
57.39	78239	79.862		0.317143564		57.39	0.137751887
57.49	78591	79.962		0.318570404		57.49	0.136587487
57.59	78577	79.981		0.318513654		57.59	0.136984753
57.69	78184	79.436		0.31692062		57.69	0.13788545
57.79	78800	80.019		0.31941759		57.79	0.137851203
57.89	78272	80.436		0.31727733		57.89	0.137977918
57.99	78110	80.709		0.316620659		57.99	0.137197085
58.09	78380	79.593		0.31771511		58.09	0.137269004
58.19	78490	79.875		0.318160998		58.19	0.136782696
58.29	78390	78.975		0.317755646		58.29	0.137998466
58.39	78091	80.443		0.316543642		58.39	0.137806682
58.49	78615	79.925		0.318667688		58.49	0.136375156
58.59	78021	80.225		0.316259896		58.59	0.138501897
58.69	79006	80.025		0.320252616		58.69	0.138553268
58.79	78829	80.796		0.319535142		58.79	0.137957369
58.89	78459	80.206		0.318035339		58.89	0.139471089
58.99	78192	79.768		0.316953048		58.99	0.137652571
59.09	78966	81.406		0.320090475		59.09	0.139265606
59.19	79905	79.586		0.323896732		59.19	0.13806011
59.29	79001	80.963		0.320232348		59.29	0.13783408
59.39	78785	80.938		0.319356787		59.39	0.138563542
59.49	78886	80.405		0.319766193		59.49	0.138885464
59.59	79434	80.194		0.321987523		59.59	0.13875875
59.69	79409	80.944		0.321886185		59.69	0.139686845
59.79	79284	81.049		0.321379495		59.79	0.139032726
59.89	79013	80.436		0.32028099		59.89	0.137354621
59.99	79002	80.889		0.320236401		59.99	0.139337525
60.09	79438	80.79		0.322003737		60.09	0.14014918
60.19	78868	80.92		0.319693229		60.19	0.139645749
60.29	79032	80.753		0.320358007		60.29	0.139012178
60.39	79204	81.043		0.321055213		60.39	0.138714229
60.49	80075	81.154		0.324585831		60.49	0.138186824
60.59	79600	80.156		0.322660408		60.59	0.139132043
60.69	79923	80.808		0.323969696		60.69	0.138769024
60.79	79888	80.131		0.323827823		60.79	0.140416307
60.89	80302	81.339		0.325505981		60.89	0.139563556
60.99	81312	82.341		0.329600039		60.99	0.139512185
61.09	81861	82.765		0.331825423		61.09	0.14142317
61.19	82613	82.795		0.334873672		61.19	0.141457417
61.29	82964	82.595		0.336296458		61.29	0.141621803
61.39	84607	83.696		0.342956396		61.39	0.14391293
61.49	85892	83.946		0.348165173		61.49	0.14368005
61.59	87533	84.912		0.354817004		61.59	0.148803408
61.69	89941	85.534		0.364577886		61.69	0.1555672
61.79	92840	88.238		0.376329049		61.79	0.172444143
61.89	96543	89.241		0.391339243		61.89	0.193595118
61.99	100117	90.664		0.405826534		61.99	0.222646886
62.09	104059	91.82		0.42180552		62.09	0.255441855
62.19	107690	94.133		0.436523861		62.19	0.295596515
62.29	110529	95.551		0.448031812		62.29	0.32989493
62.39	111128	96.26		0.450459872		62.39	0.33226825
62.49	110321	94.218		0.447188679		62.49	0.32051124
62.59	108093	94.387		0.438157431		62.59	0.292675242
62.69	104457	93.15		0.423418822		62.69	0.254924725
62.79	100683	89.989		0.408120827		62.79	0.213811148
62.89	96615	88.91		0.391631097		62.89	0.177372293
62.99	92406	87.264		0.37456982		62.99	0.156851464
63.09	89565	86.418		0.363053762		63.09	0.147775997
63.19	88168	85.563		0.357390991		63.19	0.144248551
63.29	86522	85.029		0.350718892		63.29	0.143070453
63.39	85519	84.617		0.346653209		63.39	0.141960849
63.49	84735	83.726		0.343475247		63.49	0.141844409
63.59	85148	84.036		0.345149352		63.59	0.141426595
63.69	84186	82.686		0.341249863		63.69	0.141673174
63.79	84947	84.071		0.344334594		63.79	0.143145797
63.89	85049	84.065		0.344748053		63.89	0.141460842
63.99	86654	84.451		0.351253957		63.99	0.142241675
64.09	87015	84.143		0.352717279		64.09	0.142467705
64.19	89068	86.035		0.361039161		64.19	0.142745106
64.29	91570	87.189		0.371181075		64.29	0.144275949
64.39	95393	89.213		0.386677692		64.39	0.144597871
64.49	101056	91.165		0.409632791		64.49	0.148197236
64.59	108122	94.594		0.438274983		64.59	0.154964452
64.69	117972	99.298		0.478202182		64.69	0.176625707
64.79	131387	104.322		0.532580189		64.79	0.229270264
64.89	148776	110.576		0.603066895		64.89	0.316589953
64.99	168343	118.486		0.682382174		64.99	0.428574364
65.09	189515	125.288		0.768203357		65.09	0.548918478
65.19	210002	132.03		0.851247877		65.19	0.68760531
65.29	228017	137.681		0.924272089		65.29	0.870994808
65.39	241180	141.863		0.977628608		65.39	1
65.49	246699	143.115		1		65.49	0.99483897
65.59	241293	141.722		0.978086656		65.59	0.937708051
65.69	231474	138.553		0.938285117		65.69	0.844425951
65.79	212656	132.518		0.862005926		65.79	0.700643159
65.89	190909	126.242		0.773853968		65.89	0.52815792
65.99	169947	119.39		0.688884025		65.99	0.360117947
66.09	149285	111.104		0.605130138		66.09	0.245900629
66.19	131437	104.704		0.532782865		66.19	0.189660132
66.29	118037	99.589		0.478465661		66.29	0.16615981
66.39	108458	95		0.439636967		66.39	0.15266305
66.49	100731	91.635		0.408315396		66.49	0.145741722
66.59	95658	89.487		0.387751876		66.59	0.141344402
66.69	91440	86.741		0.370654117		66.69	0.142447157
66.79	88526	85.37		0.358842152		66.79	0.140878642
66.89	86182	84.552		0.349340695		66.89	0.138491623
66.99	85083	83.839		0.344885873		66.99	0.138656009
67.09	84531	83.156		0.342648329		67.09	0.138632036
67.19	82748	82.541		0.335420898		67.19	0.138193674
67.29	82326	82.104		0.333710311		67.29	0.137614899
67.39	81833	81.731		0.331711924		67.39	0.136905985
67.49	81748	82.353		0.331367375		67.49	0.139135468
67.59	81687	81.517		0.33112011		67.59	0.142207427
67.69	81039	82.104		0.328493427		67.69	0.144864998
67.79	81433	81.48		0.330090515		67.79	0.144070467
67.89	81299	81.394		0.329547343		67.89	0.145460897
67.99	80048	80.629		0.324476386		67.99	0.141590981
68.09	80081	80.467		0.324610152		68.09	0.139929999
68.19	79010	80.449		0.32026883		68.19	0.13887519
68.29	79154	81.166		0.320852537		68.29	0.136197071
68.39	78734	80.48		0.319150057		68.39	0.136063508
68.49	78374	80.61		0.317690789		68.49	0.134138824
68.59	78203	81.271		0.316997637		68.59	0.135858025
68.69	77744	79.931		0.31513707		68.69	0.136467623
68.79	77857	81.025		0.315595118		68.79	0.135066919
68.89	77107	79.975		0.312554976		68.89	0.134488144
68.99	77359	79.297		0.313576464		68.99	0.134875135
69.09	77281	79.63		0.313260289		69.09	0.134169646
69.19	77710	79.75		0.31499925		69.19	0.133834025
69.29	76985	79.335		0.312060446		69.29	0.133854573
69.39	76315	79.391		0.309344586		69.39	0.134433348
69.49	76591	78.975		0.310463358		69.49	0.133340868
69.59	76704	78.867		0.310921406		69.59	0.134032658
69.69	75984	78.962		0.30800287		69.69	0.13423814
69.79	76508	79.221		0.310126916		69.79	0.133001822
69.89	76048	79.768		0.308262295		69.89	0.134608008
69.99	76281	79.612		0.309206766		69.99	0.133190181
70.09	76566	80.349		0.31036202		70.09	0.133789504
70.19	75875	79.272		0.307561036		70.19	0.134032658
70.29	75815	79.291		0.307317825		70.29	0.13158057
70.39	75990	79.322		0.308027191		70.39	0.13157372
70.49	76206	79.442		0.308902752		70.49	0.13377238
70.59	75836	78.823		0.307402949		70.59	0.134772394
70.69	76434	79.139		0.309826955		70.69	0.132179893
70.79	75562	78.147		0.306292283		70.79	0.132423047
70.89	76536	79.265		0.310240414		70.89	0.133494979
70.99	76559	79.536		0.310333645		70.99	0.133303196
71.09	75880	78.81		0.307581304		71.09	0.135087467
71.19	76344	79.291		0.309462138		71.19	0.135584049
71.29	76983	80.492		0.312052339		71.29	0.13725188
71.39	77120	80.194		0.312607672		71.39	0.137234757
71.49	77510	79.561		0.314188546		71.49	0.139197112
71.59	77094	80.815		0.31250228		71.59	0.141587556
71.69	78673	80.461		0.318902792		71.69	0.142525925
71.79	79700	80.349		0.32306576		71.79	0.142909492
71.89	80317	81.394		0.325566784		71.89	0.146269127
71.99	80560	80.901		0.32655179		71.99	0.146601323
72.09	81478	82.553		0.330272924		72.09	0.147488322
72.19	81614	81.345		0.330824203		72.19	0.148519158
72.29	81900	81.823		0.33198351		72.29	0.148282853
72.39	82246	81.841		0.333386029		72.39	0.148067097
72.49	82461	83.078		0.334257537		72.49	0.147183523
72.59	81552	82.31		0.330572884		72.59	0.145865012
72.69	81526	81.535		0.330467493		72.69	0.141796463
72.79	80978	81.142		0.328246162		72.79	0.141505363
72.89	80038	81.253		0.324435851		72.89	0.139919725
72.99	79002	80.281		0.320236401		72.99	0.137522432
73.09	78397	79.987		0.31778402		73.09	0.136998452
73.19	78351	80.901		0.317597558		73.19	0.136991603
73.29	77667	80.393		0.314824949		73.29	0.136539542
73.39	77496	81.093		0.314131796		73.39	0.135844327
73.49	76949	79.63		0.311914519		73.49	0.136542966
73.59	77022	80.206		0.312210426		73.59	0.139539583
73.69	76659	80.275		0.310738998		73.69	0.138940259
73.79	76746	79.322		0.311091654		73.79	0.139104645
73.89	76894	79.391		0.311691576		73.89	0.137909423
73.99	76424	79.322		0.30978642		73.99	0.13527925
74.09	76187	78.179		0.308825735		74.09	0.133357991
74.19	76118	78.816		0.308546042		74.19	0.134378553
74.29	76079	79.48		0.308387955		74.29	0.131299744
74.39	75948	78.218		0.307856943		74.39	0.132443595
74.49	76143	79.272		0.30864738		74.49	0.133320319
74.59	76447	79.202		0.309879651		74.59	0.131385361
74.69	75874	79.981		0.307556982		74.69	0.130964123
74.79	76170	78.384		0.308756825		74.79	0.131916191
74.89	76519	79.366		0.310171505		74.89	0.133241551
74.99	76781	80		0.311233527		74.99	0.131844272
75.09	77305	80.542		0.313357573		75.09	0.133012096
75.19	78150	80.144		0.3167828		75.19	0.132118248
75.29	78004	79.366		0.316190986		75.29	0.132902506
75.39	78878	81.271		0.319733765		75.39	0.133368265
75.49	80263	82.03		0.325347894		75.49	0.13279634
75.59	80889	81.197		0.327885399		75.59	0.133351142
75.69	82216	82.789		0.333264423		75.69	0.133162783
75.79	83494	84.089		0.338444825		75.79	0.13504637
75.89	85571	84.729		0.346863992		75.89	0.135368293
75.99	88795	85.82		0.359932549		75.99	0.137847779
76.09	93532	88.352		0.379134086		76.09	0.140477952
76.19	98937	90.465		0.401043377		76.19	0.14756709
76.29	106283	92.973		0.430820555		76.29	0.164940616
76.39	115411	97.954		0.46782111		76.39	0.202160304
76.49	127080	102.601		0.515121666		76.49	0.257041192
76.59	140482	107.638		0.569446978		76.59	0.325237332
76.69	155809	113.921		0.631575321		76.69	0.408163126
76.79	172037	120.162		0.697355887		76.79	0.496917766
76.89	188116	125.355		0.762532479		76.89	0.583662105
76.99	204569	130.977		0.829225088		76.99	0.710475486
77.09	216048	134.242		0.875755475		77.09	0.833288812
77.19	227409	137.521		0.921807547		77.19	0.907553528
77.29	231448	138.463		0.938179725		77.29	0.911642625
77.39	230736	139.492		0.935293617		77.39	0.879121632
77.49	224770	136.635		0.9111103		77.49	0.812011123
77.59	213822	133.334		0.866732334		77.59	0.712129618
77.69	200758	127.992		0.813777113		77.69	0.59739517
77.79	185413	124.326		0.751575807		77.79	0.492304689
77.89	167293	117.529		0.678125975		77.89	0.37537158
77.99	151532	111.911		0.614238404		77.99	0.272856477
78.09	136306	106.316		0.552519467		78.09	0.210071371
78.19	124377	101.366		0.504164995		78.19	0.175529802
78.29	114596	97.714		0.464517489		78.29	0.157895999
78.39	105366	93.904		0.427103474		78.39	0.146378718
78.49	99627	90.626		0.403840307		78.49	0.141214263
78.59	94573	88.566		0.383353804		78.59	0.136988178
78.69	91020	87.201		0.368951637		78.69	0.134768969
78.79	88295	85.79		0.357905788		78.79	0.133912793
78.89	86249	84.711		0.349612281		78.89	0.133508678
78.99	84722	83.929		0.343422551		78.99	0.133090864
79.09	83150	82.692		0.337050414		79.09	0.132923054
79.19	82180	82.146		0.333118497		79.19	0.132717571
79.29	81486	81.413		0.330305352		79.29	0.13424499
79.39	80336	81.24		0.325643801		79.39	0.13436143
79.49	80599	81.523		0.326709877		79.49	0.136101179
79.59	79958	81.351		0.324111569		79.59	0.133816902
79.69	79113	80.299		0.320686342		79.69	0.133851149
79.79	78152	80.212		0.316790907		79.79	0.132923054
79.89	78303	79.812		0.317402989		79.89	0.131121659
79.99	77161	79.668		0.312773866		79.99	0.131265497
80.09	77014	80.747		0.312177998		80.09	0.130573706
80.19	76887	79.737		0.311663201		80.19	0.129796299
80.29	76299	79.906		0.30927973		80.29	0.130275757
80.39	75738	78.588		0.307005703		80.39	0.128029151
80.49	76278	79.674		0.309194606		80.49	0.129446979
80.59	76045	79.038		0.308250135		80.59	0.130220962
80.69	75794	78.638		0.307232701		80.69	0.129073686
80.79	75000	79.032		0.304014204		80.79	0.127696955
80.89	75222	79.139		0.304914086		80.89	0.128758613
80.99	75151	78.371		0.304626285		80.99	0.128313402
81.09	75016	78.81		0.30407906		81.09	0.129162728
81.19	74804	78.352		0.303219713		81.19	0.128409293
81.29	74333	78.128		0.301310504		81.29	0.127854491
81.39	74736	78.861		0.302944074		81.39	0.126779134
81.49	74265	79.284		0.301034864		81.49	0.128248332
81.59	74521	77.576		0.302072566		81.59	0.127566816
81.69	74314	78.07		0.301233487		81.69	0.127320237
81.79	74459	79.051		0.301821248		81.79	0.12758394
81.89	73959	78.873		0.299794486		81.89	0.127022288
81.99	74081	78.313		0.300289016		81.99	0.12780997
82.09	74636	78.594		0.302538721		82.09	0.12989219
82.19	74087	78.74		0.300313337		82.19	0.128940122
82.29	74684	78.467		0.30273329		82.29	0.127035987
82.39	74279	77.833		0.301091614		82.39	0.128484637
82.49	74035	78.708		0.300102554		82.49	0.128943547
82.59	73937	77.447		0.299705309		82.59	0.128429842
82.69	74015	78.358		0.300021484		82.69	0.128001753
82.79	73712	77.414		0.298793266		82.79	0.127895588
82.89	73995	78.038		0.299940413		82.89	0.130149043
82.99	74745	77.614		0.302980555		82.99	0.129614789
83.09	73903	78.575		0.299567489		83.09	0.129755202
83.19	74280	78.013		0.301095667		83.19	0.129813422
83.29	73776	77.408		0.299052692		83.29	0.128097645
83.39	74182	78.301		0.300698422		83.39	0.128001753
83.49	74409	78.968		0.301618572		83.49	0.128220935
83.59	73700	77.537		0.298744624		83.59	0.128371622
83.69	73812	78.479		0.299198619		83.69	0.127946958
83.79	74098	78.987		0.300357926		83.79	0.12578597
83.89	74350	78.454		0.301379414		83.89	0.127943533
83.99	74289	77.827		0.301132149		83.99	0.127806545
84.09	74673	79.385		0.302688702		84.09	0.129053138
84.19	74355	78.422		0.301399681		84.19	0.127970931
84.29	75268	78.905		0.305100548		84.29	0.127720928
84.39	75828	79.07		0.30737052		84.39	0.128303127
84.49	76472	79.145		0.309980989		84.49	0.130012055
84.59	76878	80.411		0.311626719		84.59	0.131857971
84.69	78697	80.914		0.319000077		84.69	0.135032672
84.79	79671	81.32		0.322948208		84.79	0.143227989
84.89	80378	81.682		0.325814049		84.89	0.14854998
84.99	82494	82.049		0.334391303		84.99	0.157224757
85.09	83977	82.946		0.340402677		85.09	0.165026233
85.19	85660	84.433		0.347224756		85.19	0.17577638
85.29	87685	84.953		0.355433139		85.29	0.185266237
85.39	88782	86.371		0.359879854		85.39	0.195187605
85.49	90517	86.435		0.366912715		85.49	0.207208318
85.59	91201	86.902		0.369685325		85.59	0.2195852
85.69	92493	87.046		0.374922476		85.69	0.222626337
85.79	91805	87.761		0.372133653		85.79	0.222958534
85.89	90929	85.422		0.368582767		85.89	0.219369443
85.99	90078	85.86		0.365133219		85.99	0.212869354
86.09	89226	86.157		0.361679618		86.09	0.200071234
86.19	87266	83.833		0.353734713		86.19	0.185228565
86.29	85521	83.636		0.346661316		86.29	0.176317484
86.39	84166	83.06		0.341168793		86.39	0.166176934
86.49	82580	83.235		0.334739906		86.49	0.155769257
86.59	80686	81.957		0.327062534		86.59	0.143899231
86.69	79443	80.747		0.322024005		86.69	0.138238195
86.79	77707	80.275		0.31498709		86.79	0.132518939
86.89	76623	79.561		0.310593071		86.89	0.130857957
86.99	76257	78.435		0.309109482		86.99	0.131005219
87.09	75808	78.867		0.30728945		87.09	0.130196989
87.19	75475	78.115		0.305939627		87.19	0.129203825
87.29	75495	78.173		0.306020697		87.29	0.130340827
87.39	75149	78.943		0.304618178		87.39	0.130655899
87.49	74954	78.524		0.303827741		87.49	0.133453883
87.59	75564	78.778		0.30630039		87.59	0.13545391
87.69	75733	79.417		0.306985436		87.69	0.137738188
87.79	77476	80.162		0.314050726		87.79	0.140864943
87.89	76887	80.212		0.311663201		87.89	0.147169824
87.99	77511	79.328		0.314192599		87.99	0.150409595
88.09	79049	81.326		0.320426917		88.09	0.154649379
88.19	79262	80.411		0.321290317		88.19	0.162923465
88.29	80004	80.654		0.324298031		88.29	0.171454403
88.39	80481	81.945		0.326231562		88.39	0.177855176
88.49	81883	82.098		0.3319146		88.49	0.182331265
88.59	81835	82.304		0.331720031		88.59	0.182985383
88.69	81673	82.018		0.331063361		88.69	0.18012233
88.79	81709	81.676		0.331209287		88.79	0.177300374
88.89	80946	81.603		0.32811645		88.89	0.170498911
88.99	80548	81.431		0.326503148		88.99	0.162991959
89.09	79613	81.388		0.322713104		89.09	0.156139125
89.19	78716	80.542		0.319077094		89.19	0.151365087
89.29	77845	79.869		0.315546476		89.29	0.145210893
89.39	76649	79.379		0.310698462		89.39	0.137159413
89.49	75711	79.819		0.306896258		89.49	0.133703886
89.59	74897	79.025		0.303596691		89.59	0.131337416
89.69	74836	78.505		0.303349426		89.69	0.130244935
89.79	74384	78.594		0.301517234		89.79	0.129864793
89.89	73458	77.195		0.297763672		89.89	0.128381896
89.99	73827	77.865		0.299259421		89.99	0.129138755
90.09	72700	77.214		0.294691101		90.09	0.126501733
90.19	73567	77.466		0.298205505		90.19	0.127710654
90.29	72811	77.285		0.295141042		90.29	0.128731215
90.39	72402	76.961		0.293483152		90.39	0.128320251
90.49	72472	78.339		0.293766898		90.49	0.128731215
90.59	72464	77.705		0.29373447		90.59	0.130560008
90.69	73027	78.537		0.296016603		90.69	0.132275785
90.79	72240	77.634		0.292826481		90.79	0.13030658
90.89	72601	77.987		0.294289803		90.89	0.130107947
90.99	72466	77.414		0.293742577		90.99	0.131012069
91.09	72662	77.337		0.294537067		91.09	0.131077138
91.19	72022	77.788		0.291942813		91.19	0.13001548
91.29	72265	76.616		0.292927819		91.29	0.1292004
91.39	71821	77.634		0.291128055		91.39	0.12855998
91.49	71635	76.335		0.2903741		91.49	0.12867642
91.59	71415	76.269		0.289482325		91.59	0.128248332
91.69	71518	76.033		0.289899837		91.69	0.128241483
91.79	71163	75.868		0.288460837		91.79	0.127231195
91.89	71110	76.909		0.288246		91.89	0.12711133
91.99	71041	77.382		0.287966307		91.99	0.128138742
92.09	70982	77.672		0.287727149		92.09	0.125556514
92.19	70702	76.531		0.286592163		92.19	0.127015439
92.29	71165	77.608		0.288468944		92.29	0.127909286
92.39	70791	76.302		0.286952926		92.39	0.128149016
92.49	70812	76.766		0.28703805		92.49	0.126488034
92.59	70869	76.772		0.287269101		92.59	0.126676393
92.69	70740	77.35		0.286746197		92.69	0.126354471
92.79	70867	77.156		0.287260994		92.79	0.125751723
92.89	70073	75.888		0.284042497		92.89	0.127121604
92.99	70854	75.993		0.287208298		92.99	0.126851053
93.09	70805	76.635		0.287009676		93.09	0.126248305
93.19	70687	76.25		0.28653136		93.19	0.127755175
93.29	71238	76.72		0.288764851		93.29	0.126409266
93.39	70835	76.59		0.287131281		93.39	0.125974328
93.49	70720	76.079		0.286665126		93.49	0.126166112
93.59	70971	76.805		0.287682561		93.59	0.127361334
93.69	71020	76.269		0.287881183		93.69	0.126395567
93.79	70303	76.217		0.284974807		93.79	0.126679818
93.89	70922	77.045		0.287483938		93.89	0.12665242
93.99	70943	75.604		0.287569062		93.99	0.127607912
94.09	70758	75.941		0.28681916		94.09	0.126179811
94.19	70816	75.947		0.287054265		94.19	0.126970917
94.29	70631	76.681		0.286304363		94.29	0.127029137
94.39	70422	77.11		0.285457177		94.39	0.12728599
94.49	70768	75.895		0.286859695		94.49	0.126522281
94.59	70301	76.87		0.2849667		94.59	0.127440102
94.69	70304	76.053		0.284978861		94.69	0.126347621
94.79	70287	75.664		0.284909951		94.79	0.126121591
94.89	70025	75.855		0.283847928		94.89	0.126231181
94.99	70057	76.635		0.283977641		94.99	0.126662694
95.09	70760	76.694		0.286827267		95.09	0.126823655
95.19	70169	75.379		0.284431635		95.19	0.126642146
95.29	70670	77.169		0.28646245		95.29	0.126953794
95.39	70577	76.564		0.286085473		95.39	0.127162701
95.49	70895	76.236		0.287374493		95.49	0.126385293
95.59	69856	75.14		0.283162883		95.59	0.12693667
95.69	70629	76.518		0.286296256		95.69	0.128320251
95.79	70604	75.881		0.286194918		95.79	0.127539418
95.89	71034	76.492		0.287937932		95.89	0.127933259
95.99	71487	77		0.289774178		95.99	0.129128481
96.09	71149	77.175		0.288404088		96.09	0.131001795
96.19	71094	76.472		0.288181144		96.19	0.130714119
96.29	71650	77.524		0.290434902		96.29	0.131618241
96.39	71356	75.987		0.289243167		96.39	0.131474404
96.49	70852	76.131		0.287200191		96.49	0.130714119
96.59	71373	75.928		0.289312077		96.59	0.131525774
96.69	71067	77.188		0.288071699		96.69	0.130837409
96.79	71127	75.98		0.28831491		96.79	0.129470952
96.89	71228	77.22		0.288724316		96.89	0.129296292
96.99	70493	77.33		0.285744977		96.99	0.127683256
97.09	70661	75.829		0.286425968		97.09	0.126508582
97.19	70263	75.571		0.284812666		97.19	0.127481198
97.29	69784	75.816		0.282871029		97.29	0.126744887
97.39	70109	76.007		0.284188424		97.39	0.12624488
97.49	70342	76.007		0.285132895		97.49	0.125693503
97.59	69962	75.849		0.283592556		97.59	0.12532021
97.69	70139	75.723		0.28431003		97.69	0.126234606
97.79	70032	76.105		0.283876303		97.79	0.126001726
97.89	70089	76.4		0.284107353		97.89	0.126861327
97.99	69924	76.302		0.283438522		97.99	0.127220921
98.09	70195	75.372		0.284537027		98.09	0.126724339
98.19	70783	76.184		0.286920498		98.19	0.1265942
98.29	70519	75.862		0.285850368		98.29	0.127816819
98.39	70164	75.578		0.284411368		98.39	0.127313388
98.49	70776	76.714		0.286892124		98.49	0.126029124
98.59	70770	75.776		0.286867802		98.59	0.127806545
98.69	70750	75.783		0.286786732		98.69	0.128422992
98.79	70779	76.328		0.286904284		98.79	0.129234647
98.89	71277	77.032		0.288922938		98.89	0.129563419
98.99	71161	75.604		0.28845273		98.99	0.130542884
99.09	70929	76.772		0.287512313		99.09	0.132354553
99.19	71767	76.616		0.290909165		99.19	0.133792929
99.29	72358	76.785		0.293304797		99.29	0.135197057
99.39	72622	78.173		0.294374927		99.39	0.137443664
99.49	73465	78.498		0.297792046		99.49	0.140563569
99.59	73197	77.382		0.296705702		99.59	0.143906081
99.69	74261	78.804		0.30101865		99.69	0.145950629
99.79	74087	78.25		0.300313337		99.79	0.148063672
99.89	74866	77.621		0.303471031		99.89	0.147728051
99.99	74754	78.179		0.303017037		99.99	0.147454075
100.09	74949	78.581		0.303807474		100.09	0.145902684
100.19	73801	78.083		0.29915403		100.19	0.143118399
100.29	73284	76.609		0.297058359		100.29	0.140457404
100.39	73449	78.575		0.29772719		100.39	0.137474486
100.49	72561	76.596		0.294127662		100.49	0.134998425
100.59	71876	76.727		0.291350999		100.59	0.132878533
100.69	71733	77.091		0.290771345		100.69	0.132426472
100.79	71589	76.864		0.290187638		100.79	0.128994918
100.89	70599	76.145		0.28617465		100.89	0.127912711
100.99	71021	76.785		0.287885237		100.99	0.127662708
101.09	70423	75.16		0.28546123		101.09	0.126262004
101.19	70759	76.759		0.286823214		101.19	0.126450362
101.29	70047	76.085		0.283937106		101.29	0.125231168
101.39	70284	75.763		0.28489779		101.39	0.125607885
101.49	70311	75.584		0.285007236		101.49	0.127029137
101.59	70498	75.723		0.285765244		101.59	0.126344196
101.69	70265	76.746		0.284820773		101.69	0.127474349
101.79	70335	76.236		0.28510452		101.79	0.127488048
101.89	70289	76.511		0.284918058		101.89	0.127135303
101.99	70138	76.518		0.284305976		101.99	0.127844217
102.09	70403	76.21		0.28538016		102.09	0.127625036
102.19	69971	76.557		0.283629038		102.19	0.12740928
102.29	69864	76.033		0.283195311		102.29	0.127789422
102.39	69979	75.419		0.283661466		102.39	0.126481185
102.49	70056	76.217		0.283973587		102.49	0.126984616
102.59	70003	75.69		0.283758751		102.59	0.126854477
102.69	69963	76.302		0.28359661		102.69	0.126330498
102.79	70132	76.466		0.284281655		102.79	0.12595378
102.89	69917	75.339		0.283410148		102.89	0.125580487
102.99	70137	77.298		0.284301923		102.99	0.125782545
103.09	69763	75.12		0.282785905		103.09	0.125905834
103.19	69854	75.736		0.283154776		103.19	0.123734572
103.29	69467	75.947		0.281586062		103.29	0.125878437
103.39	69664	75.624		0.282384606		103.39	0.125066782
103.49	69683	75.591		0.282461623		103.49	0.125470897
103.59	69848	75.717		0.283130455		103.59	0.125464047
103.69	69982	76.354		0.283673627		103.69	0.125806518
103.79	69696	76.335		0.282514319		103.79	0.125652406
103.89	69732	75.796		0.282660246		103.89	0.124566775
103.99	69513	75.186		0.281772524		103.99	0.12433732
104.09	69604	76.256		0.282141395		104.09	0.124809929
104.19	70454	76.498		0.285586889		104.19	0.126364745
104.29	69465	75.954		0.281577955		104.29	0.125648981
104.39	69750	76.309		0.282733209		104.39	0.126275702
104.49	70279	75.809		0.284877523		104.49	0.125416102
104.59	70293	75.736		0.284934272		104.59	0.124018822
104.69	69983	74.833		0.28367768		104.69	0.125258565
104.79	70363	76.4		0.285218019		104.79	0.125008562
104.89	70851	76.642		0.287196138		104.89	0.124833902
104.99	70693	76.57		0.286555681		104.99	0.126001726
105.09	70467	76.413		0.285639585		105.09	0.126220907
105.19	71284	76.079		0.288951313		105.19	0.125929807
105.29	70740	76.426		0.286746197		105.29	0.126491459
105.39	71575	76.368		0.290130888		105.39	0.125827066
105.49	71424	76.649		0.289518806		105.49	0.127553117
105.59	71771	77.039		0.290925379		105.59	0.126720914
105.69	71788	76.629		0.290994289		105.69	0.12728599
105.79	72790	77.065		0.295055918		105.79	0.126405841
105.89	72976	77.775		0.295809874		105.89	0.126299675
105.99	73015	77.473		0.295967961		105.99	0.126351046
106.09	73319	78.537		0.297200232		106.09	0.126868176
106.19	74411	77.666		0.301626679		106.19	0.127813395
106.29	75670	78.384		0.306730064		106.29	0.127546268
106.39	76723	79.511		0.310998423		106.39	0.129330539
106.49	77765	79.881		0.315222194		106.49	0.132344279
106.59	79711	81.811		0.323110349		106.59	0.137104618
106.69	81342	81.676		0.329721645		106.69	0.143491692
106.79	84272	83.241		0.341598466		106.79	0.153615118
106.89	86598	84.764		0.35102696		106.89	0.166098166
106.99	89175	86.244		0.361472888		106.99	0.179759312
107.09	92950	87.098		0.376774936		107.09	0.19339306
107.19	95914	88.927		0.388789578		107.19	0.209756298
107.29	99671	90.609		0.404018662		107.29	0.225475691
107.39	103369	92.925		0.419008589		107.39	0.247705448
107.49	106810	93.856		0.432956761		107.49	0.271692078
107.59	111528	96.379		0.452081281		107.59	0.29432595
107.69	116748	98.163		0.47324067		107.69	0.316028302
107.79	120893	99.985		0.490042521		107.79	0.336703243
107.89	124808	102.108		0.505912063		107.89	0.362316607
107.99	127615	102.757		0.517290301		107.99	0.390563569
108.09	130651	104.159		0.529596796		108.09	0.411002206
108.19	132930	105.257		0.538834774		108.19	0.426382553
108.29	134215	105.475		0.544043551		108.29	0.433105248
108.39	135274	105.891		0.548336232		108.39	0.434608693
108.49	135602	106.391		0.549665787		108.49	0.432680585
108.59	133207	104.938		0.5399576		108.59	0.426022959
108.69	133345	105.195		0.540516986		108.69	0.416940643
108.79	130612	104.183		0.529438709		108.79	0.395108152
108.89	127353	103.533		0.516228278		108.89	0.364761846
108.99	123840	100.454		0.501988253		108.99	0.329083275
109.09	120632	100.792		0.488984552		109.09	0.300815765
109.19	115905	98.051		0.46982355		109.19	0.279637392
109.29	112328	96.452		0.455324099		109.29	0.268137235
109.39	107217	94.085		0.434606545		109.39	0.247318456
109.49	103163	92.752		0.418173564		109.49	0.225427746
109.59	98857	90.984		0.400719095		109.59	0.201023302
109.69	95799	89.538		0.388323422		109.69	0.182762778
109.79	91761	87.258		0.371955298		109.79	0.167995452
109.89	88532	85.528		0.358866473		109.89	0.156176797
109.99	85816	84.244		0.347857105		109.99	0.146546528
110.09	83104	84.214		0.336863952		110.09	0.139779312
110.19	81297	81.951		0.329539236		110.19	0.135933369
110.29	79098	80.969		0.32062554		110.29	0.132816888
110.39	77575	80.368		0.314452025		110.39	0.131135358
110.49	76620	79.032		0.31058091		110.49	0.130036028
110.59	75502	79.164		0.306049072		110.59	0.128049699
110.69	73730	78.854		0.29886623		110.69	0.127087357
110.79	72755	76.922		0.294914045		110.79	0.126090768
110.89	72379	77.402		0.293389921		110.89	0.126416115
110.99	72234	77.46		0.29280216		110.99	0.125097604
111.09	72311	76.805		0.293114281		111.09	0.126118166
111.19	70863	76.837		0.28724478		111.19	0.124991438
111.29	70764	76.171		0.286843481		111.29	0.125535966
111.39	70388	76.105		0.285319357		111.39	0.125392129
111.49	69595	76.039		0.282104913		111.49	0.125481171
111.59	70418	75.875		0.285440962		111.59	0.124878423
111.69	69808	75.584		0.282968314		111.69	0.126159262
111.79	69550	75.822		0.281922505		111.79	0.12537158
111.89	69380	74.953		0.281233406		111.89	0.125450349
111.99	69131	75.651		0.280224079		111.99	0.126262004
112.09	69319	75.412		0.280986141		112.09	0.125508569
112.19	69098	75.987		0.280090312		112.19	0.124618145
112.29	69781	74.92		0.282858868		112.29	0.126148988
112.39	69941	74.947		0.283507432		112.39	0.125919533
112.49	69909	75.22		0.283377719		112.49	0.12786819
112.59	69052	75.339		0.27990385		112.59	0.125148975
112.69	69036	75.802		0.279838994		112.69	0.126042823
112.79	69470	74.993		0.281598223		112.79	0.127594214
112.89	69738	75.888		0.282684567		112.89	0.126111317
112.99	70008	75.657		0.283779018		112.99	0.12711818
113.09	69825	75.485		0.283037223		113.09	0.127714078
113.19	69264	75.266		0.280763197		113.19	0.127501747
113.29	69627	76.158		0.282234626		113.29	0.127827094
113.39	69613	74.458		0.282177877		113.39	0.127950383
113.49	69505	75.598		0.281740096		113.49	0.128176413
113.59	69768	75.961		0.282806173		113.59	0.128607926
113.69	69692	75.452		0.282498105		113.69	0.129063412
113.79	69458	75.901		0.281549581		113.79	0.129063412
113.89	69875	75.505		0.2832399		113.89	0.12972438
113.99	69082	75.472		0.280025456		113.99	0.128351073
114.09	69219	75.293		0.280580789		114.09	0.128196962
114.19	68676	74.706		0.278379726		114.19	0.128590803
114.29	68985	74.706		0.279632264		114.29	0.126546254
114.39	68529	75.12		0.277783858		114.39	0.127933259
114.49	68590	74.987		0.278031123		114.49	0.127101056
114.59	67993	75.353		0.27561117		114.59	0.126892149
114.69	68327	74.953		0.276965046		114.69	0.125676379
114.79	68652	75.485		0.278282441		114.79	0.125005137
114.89	68322	75.624		0.276944779		114.89	0.125104453
114.99	67783	74.947		0.27475993		114.99	0.125186646
115.09	68058	74.612		0.275874649		115.09	0.125265415
115.19	68022	74.404		0.275728722		115.19	0.123470869
115.29	67427	75.04		0.273316876		115.29	0.125152399
115.39	67213	74.847		0.272449422		115.39	0.124080467
115.49	67501	75.346		0.273616837		115.49	0.123690051
115.59	67433	75.047		0.273341197		115.59	0.123803066
115.69	67054	75.007		0.271804912		115.69	0.124049645
115.79	67619	74.418		0.274095152		115.79	0.123960602
115.89	66972	73.892		0.271472523		115.89	0.12403937
115.99	67039	74.887		0.271744109		115.99	0.122207154
116.09	67048	73.239		0.271780591		116.09	0.12328936
116.19	67249	73.607		0.272595349		116.19	0.123830463
116.29	67239	75.18		0.272554814		116.29	0.123474294
116.39	67287	74.122		0.272749383		116.39	0.122573597
116.49	67640	74.216		0.274180276		116.49	0.123412649
116.59	66941	73.851		0.271346864		116.59	0.123535939
116.69	67423	74.599		0.273300662		116.69	0.12265579
116.79	66833	73.56		0.270909084		116.79	0.122775654
116.89	67234	74.155		0.272534546		116.89	0.12288867
116.99	66928	73.634		0.271294168		116.99	0.122792778
117.09	66847	74.786		0.270965833		117.09	0.122429759
117.19	67287	74.364		0.272749383		117.19	0.122809902
117.29	67189	74.202		0.272352138		117.29	0.122522226
117.39	66943	73.892		0.271354971		117.39	0.12403937
117.49	67262	74.081		0.272648045		117.49	0.123066754
117.59	67311	74.525		0.272846667		117.59	0.124148961
117.69	67261	74.344		0.272643991		117.69	0.123337306
117.79	67515	74.947		0.273673586		117.79	0.12363868
117.89	67734	75.359		0.274561308		117.89	0.124063343
117.99	66765	74.357		0.270633444		117.99	0.124200332
118.09	67453	74.632		0.273422268		118.09	0.123169495
118.19	67327	75.013		0.272911524		118.19	0.123385252
118.29	67498	73.783		0.273604676		118.29	0.12230647
118.39	67369	75.053		0.273081772		118.39	0.122789353
118.49	67128	73.328		0.272104873		118.49	0.123049631
118.59	67647	74.29		0.274208651		118.59	0.121354402
118.69	67803	74.713		0.274841001		118.69	0.123001685
118.79	67854	75.531		0.27504773		118.79	0.122857847
118.89	67714	75.445		0.274480237		118.89	0.12271401
118.99	68161	74.297		0.276292162		118.99	0.124073617
119.09	67965	74.706		0.275497671		119.09	0.122330443
119.19	68273	75.253		0.276746156		119.19	0.123590734
119.29	68575	75.226		0.27797032		119.29	0.123686626
119.39	68578	74.679		0.277982481		119.39	0.124590748
119.49	68793	75.073		0.278853988		119.49	0.122717434
119.59	68982	75.67		0.279620104		119.59	0.12467979
119.69	69328	75.651		0.281022623		119.69	0.122974287
119.79	69205	76.145		0.280524039		119.79	0.123398951
119.89	69577	75.802		0.28203195		119.89	0.12328936
119.99	69831	76.171		0.283061545		119.99	0.124768832
120.09	69851	75.359		0.283142615		120.09	0.124224304
120.19	70124	76.407		0.284249227		120.19	0.12485445
120.29	70739	76.026		0.286742143		120.29	0.123244839
120.39	71394	77.974		0.289397201		120.39	0.123789367
120.49	71714	76.492		0.290694328		120.49	0.124902396
120.59	72044	77.13		0.29203199		120.59	0.124861299
120.69	73084	77.576		0.296247654		120.69	0.123919506
120.79	73738	78.416		0.298898658		120.79	0.124443486
120.89	75210	79.429		0.304865443		120.89	0.124190057
120.99	75934	80.262		0.307800194		120.99	0.125731174
121.09	77291	79.417		0.313300824		121.09	0.126364745
121.19	78951	80.175		0.320029672		121.19	0.129412732
121.29	80420	82.444		0.325984297		121.29	0.131779202
121.39	82718	83.096		0.335299292		121.39	0.137347772
121.49	85427	82.922		0.346280285		121.49	0.145847888
121.59	88495	85.674		0.358716493		121.59	0.156515843
121.69	91428	86.47		0.370605475		121.69	0.167471472
121.79	95370	88.436		0.386584461		121.79	0.184047042
121.89	99485	90.333		0.403264707		121.89	0.204321292
121.99	103696	93.413		0.420334091		121.99	0.226801052
122.09	108538	94.319		0.439961248		122.09	0.246763654
122.19	114437	97.934		0.463872979		122.19	0.270133837
122.29	120454	100.105		0.488263025		122.29	0.291336183
122.39	125783	101.985		0.509864248		122.39	0.311675502
122.49	131795	105.461		0.534234026		122.49	0.336415567
122.59	139224	107.972		0.564347646		122.59	0.370847546
122.69	145813	109.832		0.591056307		122.69	0.409707667
122.79	152692	113.084		0.61894049		122.79	0.447393115
122.89	160797	115.13		0.651794292		122.89	0.483962109
122.99	167176	118.718		0.677651713		122.99	0.519212592
123.09	176434	120.764		0.715179227		123.09	0.554062384
123.19	182682	123.134		0.740505636		123.19	0.590655351
123.29	190414	125.948		0.771847474		123.29	0.632512089
123.39	196613	128.008		0.796975261		123.39	0.6746839
123.49	204032	130.568		0.827048346		123.49	0.718215318
123.59	208219	132.673		0.844020446		123.59	0.752010302
123.69	214788	133.724		0.870648037		123.69	0.775089385
123.79	218838	135.022		0.887064804		123.79	0.797240373
123.89	221984	135.048		0.899817186		123.89	0.810733709
123.99	224338	137.35		0.909359179		123.99	0.817226948
124.09	225825	137.514		0.915386767		124.09	0.814449513
124.19	224010	137.004		0.908029623		124.19	0.810363841
124.29	224425	137.168		0.909711835		124.29	0.802308936
124.39	220928	135.823		0.895536666		124.39	0.777044891
124.49	218093	134.718		0.884044929		124.49	0.75469527
124.59	214758	133.282		0.870526431		124.59	0.713910465
124.69	207964	130.813		0.842986798		124.69	0.655351443
124.79	200993	128.825		0.814729691		124.79	0.589193003
124.89	194595	127.487		0.788795253		124.89	0.534021014
124.99	188407	125.148		0.763712054		124.99	0.493099221
125.09	180584	123.037		0.732001346		125.09	0.466249538
125.19	174498	119.912		0.707331607		125.19	0.452321265
125.29	166084	118.148		0.673225266		125.29	0.430016165
125.39	159265	115.035		0.645584295		125.39	0.398519158
125.49	152567	113.309		0.6184338		125.49	0.360063152
125.59	145631	109.836		0.590318566		125.59	0.323302374
125.69	138610	107.336		0.561858783		125.69	0.286045014
125.79	132295	104.881		0.536260787		125.79	0.25729462
125.89	125198	101.504		0.507492937		125.89	0.229516843
125.99	119017	99.076		0.482438113		125.99	0.208615871
126.09	113785	96.706		0.461230082		126.09	0.191625913
126.19	109073	95.063		0.442129883		126.19	0.177731887
126.29	103674	92.871		0.420244914		126.29	0.1651187
126.39	99675	90.094		0.404034877		126.39	0.157861752
126.49	96030	88.516		0.389259786		126.49	0.151834272
126.59	92598	88		0.375348096		126.59	0.147512295
126.69	90023	86.412		0.364910275		126.69	0.143255387
126.79	87386	84.546		0.354221136		126.79	0.141916328
126.89	85157	84.297		0.345185834		126.89	0.138645735
126.99	82986	83.223		0.336385636		126.99	0.135477883
127.09	81979	83.126		0.332303739		127.09	0.133409362
127.19	79505	79.831		0.322275323		127.19	0.131710708
127.29	78574	79.944		0.318501494		127.29	0.129423006
127.39	76905	79.787		0.311736164		127.39	0.128536007
127.49	76241	79.366		0.309044625		127.49	0.127474349
127.59	74683	78.479		0.302729237		127.59	0.125806518
127.69	73938	78.243		0.299709362		127.69	0.126453787
127.79	73651	78.026		0.298546001		127.79	0.126114741
127.89	73078	78.505		0.296223333		127.89	0.125446924
127.99	71533	76.505		0.28996064		127.99	0.123744846
128.09	71692	76.433		0.29060515		128.09	0.123577035
128.19	70182	76.243		0.284484331		128.19	0.122340717
128.29	70344	76.263		0.285141002		128.29	0.122970863
128.39	69791	75.888		0.282899404		128.39	0.122638666
128.49	69547	76.433		0.281910344		128.49	0.123097577
128.59	6	1		2.43211E-05		128.59	2.05482E-05
128.69	10	1		4.05352E-05		128.69	2.39729E-05
